f = 0.26 * sz(1);  % Fotec lens
c = sz / 2 + [77, 33];
k = [0.07111501 -0.07150972 0 0 0];
intrinsics = cameraIntrinsics();
